    1  -765   -1759.5     1     1
    2  -765   -1606.5     2     1
    3  -765   -1453.5     3     1
    4  -765   -1300.5     4     1
    5  -765   -1147.5     5     1
    6  -765    -994.5     6     1
    7  -765    -841.5     7     1
    8  -765    -688.5     8     1
    9  -765    -535.5     9     1
   10  -765    -382.5    10     1
   11  -765    -229.5    11     1
   12  -765     -76.5    12     1
   13  -765      76.5    13     1
   14  -765     229.5    14     1
   15  -765     382.5    15     1
   16  -765     535.5    16     1
   17  -765     688.5    17     1
   18  -765     841.5    18     1
   19  -765     994.5    19     1
   20  -765    1147.5    20     1
   21  -765    1300.5    21     1
   22  -765    1453.5    22     1
   23  -765    1606.5    23     1
   24  -765    1759.5    24     1
   25  -612   -1759.5     1     2
   26  -612   -1606.5     2     2
   27  -612   -1453.5     3     2
   28  -612   -1300.5     4     2
   29  -612   -1147.5     5     2
   30  -612    -994.5     6     2
   31  -612    -841.5     7     2
   32  -612    -688.5     8     2
   33  -612    -535.5     9     2
   34  -612    -382.5    10     2
   35  -612    -229.5    11     2
   36  -612     -76.5    12     2
   37  -612      76.5    13     2
   38  -612     229.5    14     2
   39  -612     382.5    15     2
   40  -612     535.5    16     2
   41  -612     688.5    17     2
   42  -612     841.5    18     2
   43  -612     994.5    19     2
   44  -612    1147.5    20     2
   45  -612    1300.5    21     2
   46  -612    1453.5    22     2
   47  -612    1606.5    23     2
   48  -612    1759.5    24     2
   49  -459   -1759.5     1     3
   50  -459   -1606.5     2     3
   51  -459   -1453.5     3     3
   52  -459   -1300.5     4     3
   53  -459   -1147.5     5     3
   54  -459    -994.5     6     3
   55  -459    -841.5     7     3
   56  -459    -688.5     8     3
   57  -459    -535.5     9     3
   58  -459    -382.5    10     3
   59  -459    -229.5    11     3
   60  -459     -76.5    12     3
   61  -459      76.5    13     3
   62  -459     229.5    14     3
   63  -459     382.5    15     3
   64  -459     535.5    16     3
   65  -459     688.5    17     3
   66  -459     841.5    18     3
   67  -459     994.5    19     3
   68  -459    1147.5    20     3
   69  -459    1300.5    21     3
   70  -459    1453.5    22     3
   71  -459    1606.5    23     3
   72  -459    1759.5    24     3
   73  -306   -1759.5     1     4
   74  -306   -1606.5     2     4
   75  -306   -1453.5     3     4
   76  -306   -1300.5     4     4
   77  -306   -1147.5     5     4
   78  -306    -994.5     6     4
   79  -306    -841.5     7     4
   80  -306    -688.5     8     4
   81  -306    -535.5     9     4
   82  -306    -382.5    10     4
   83  -306    -229.5    11     4
   84  -306     -76.5    12     4
   85  -306      76.5    13     4
   86  -306     229.5    14     4
   87  -306     382.5    15     4
   88  -306     535.5    16     4
   89  -306     688.5    17     4
   90  -306     841.5    18     4
   91  -306     994.5    19     4
   92  -306    1147.5    20     4
   93  -306    1300.5    21     4
   94  -306    1453.5    22     4
   95  -306    1606.5    23     4
   96  -306    1759.5    24     4
   97  -153   -1759.5     1     5
   98  -153   -1606.5     2     5
   99  -153   -1453.5     3     5
  100  -153   -1300.5     4     5
  101  -153   -1147.5     5     5
  102  -153    -994.5     6     5
  103  -153    -841.5     7     5
  104  -153    -688.5     8     5
  105  -153    -535.5     9     5
  106  -153    -382.5    10     5
  107  -153    -229.5    11     5
  108  -153     -76.5    12     5
  109  -153      76.5    13     5
  110  -153     229.5    14     5
  111  -153     382.5    15     5
  112  -153     535.5    16     5
  113  -153     688.5    17     5
  114  -153     841.5    18     5
  115  -153     994.5    19     5
  116  -153    1147.5    20     5
  117  -153    1300.5    21     5
  118  -153    1453.5    22     5
  119  -153    1606.5    23     5
  120  -153    1759.5    24     5
  121     0   -1759.5     1     6
  122     0   -1606.5     2     6
  123     0   -1453.5     3     6
  124     0   -1300.5     4     6
  125     0   -1147.5     5     6
  126     0    -994.5     6     6
  127     0    -841.5     7     6
  128     0    -688.5     8     6
  129     0    -535.5     9     6
  130     0    -382.5    10     6
  131     0    -229.5    11     6
  132     0     -76.5    12     6
  133     0      76.5    13     6
  134     0     229.5    14     6
  135     0     382.5    15     6
  136     0     535.5    16     6
  137     0     688.5    17     6
  138     0     841.5    18     6
  139     0     994.5    19     6
  140     0    1147.5    20     6
  141     0    1300.5    21     6
  142     0    1453.5    22     6
  143     0    1606.5    23     6
  144     0    1759.5    24     6
  145   153   -1759.5     1     7
  146   153   -1606.5     2     7
  147   153   -1453.5     3     7
  148   153   -1300.5     4     7
  149   153   -1147.5     5     7
  150   153    -994.5     6     7
  151   153    -841.5     7     7
  152   153    -688.5     8     7
  153   153    -535.5     9     7
  154   153    -382.5    10     7
  155   153    -229.5    11     7
  156   153     -76.5    12     7
  157   153      76.5    13     7
  158   153     229.5    14     7
  159   153     382.5    15     7
  160   153     535.5    16     7
  161   153     688.5    17     7
  162   153     841.5    18     7
  163   153     994.5    19     7
  164   153    1147.5    20     7
  165   153    1300.5    21     7
  166   153    1453.5    22     7
  167   153    1606.5    23     7
  168   153    1759.5    24     7
  169   306   -1759.5     1     8
  170   306   -1606.5     2     8
  171   306   -1453.5     3     8
  172   306   -1300.5     4     8
  173   306   -1147.5     5     8
  174   306    -994.5     6     8
  175   306    -841.5     7     8
  176   306    -688.5     8     8
  177   306    -535.5     9     8
  178   306    -382.5    10     8
  179   306    -229.5    11     8
  180   306     -76.5    12     8
  181   306      76.5    13     8
  182   306     229.5    14     8
  183   306     382.5    15     8
  184   306     535.5    16     8
  185   306     688.5    17     8
  186   306     841.5    18     8
  187   306     994.5    19     8
  188   306    1147.5    20     8
  189   306    1300.5    21     8
  190   306    1453.5    22     8
  191   306    1606.5    23     8
  192   306    1759.5    24     8
  193   459   -1759.5     1     9
  194   459   -1606.5     2     9
  195   459   -1453.5     3     9
  196   459   -1300.5     4     9
  197   459   -1147.5     5     9
  198   459    -994.5     6     9
  199   459    -841.5     7     9
  200   459    -688.5     8     9
  201   459    -535.5     9     9
  202   459    -382.5    10     9
  203   459    -229.5    11     9
  204   459     -76.5    12     9
  205   459      76.5    13     9
  206   459     229.5    14     9
  207   459     382.5    15     9
  208   459     535.5    16     9
  209   459     688.5    17     9
  210   459     841.5    18     9
  211   459     994.5    19     9
  212   459    1147.5    20     9
  213   459    1300.5    21     9
  214   459    1453.5    22     9
  215   459    1606.5    23     9
  216   459    1759.5    24     9
  217   612   -1759.5     1    10
  218   612   -1606.5     2    10
  219   612   -1453.5     3    10
  220   612   -1300.5     4    10
  221   612   -1147.5     5    10
  222   612    -994.5     6    10
  223   612    -841.5     7    10
  224   612    -688.5     8    10
  225   612    -535.5     9    10
  226   612    -382.5    10    10
  227   612    -229.5    11    10
  228   612     -76.5    12    10
  229   612      76.5    13    10
  230   612     229.5    14    10
  231   612     382.5    15    10
  232   612     535.5    16    10
  233   612     688.5    17    10
  234   612     841.5    18    10
  235   612     994.5    19    10
  236   612    1147.5    20    10
  237   612    1300.5    21    10
  238   612    1453.5    22    10
  239   612    1606.5    23    10
  240   612    1759.5    24    10
  241   765   -1759.5     1    11
  242   765   -1606.5     2    11
  243   765   -1453.5     3    11
  244   765   -1300.5     4    11
  245   765   -1147.5     5    11
  246   765    -994.5     6    11
  247   765    -841.5     7    11
  248   765    -688.5     8    11
  249   765    -535.5     9    11
  250   765    -382.5    10    11
  251   765    -229.5    11    11
  252   765     -76.5    12    11
  253   765      76.5    13    11
  254   765     229.5    14    11
  255   765     382.5    15    11
  256   765     535.5    16    11
  257   765     688.5    17    11
  258   765     841.5    18    11
  259   765     994.5    19    11
  260   765    1147.5    20    11
  261   765    1300.5    21    11
  262   765    1453.5    22    11
  263   765    1606.5    23    11
  264   765    1759.5    24    11
